
     Program PWSCF v.6.7MaX starts on 16Dec2024 at  7:30:55 

     This program is part of the open-source Quantum ESPRESSO suite
     for quantum simulation of materials; please cite
         "P. Giannozzi et al., J. Phys.:Condens. Matter 21 395502 (2009);
         "P. Giannozzi et al., J. Phys.:Condens. Matter 29 465901 (2017);
          URL http://www.quantum-espresso.org", 
     in publications or presentations arising from this work. More details at
     http://www.quantum-espresso.org/quote

     Parallel version (MPI), running on     6 processors

     MPI processes distributed on     1 nodes
     R & G space division:  proc/nbgrp/npool/nimage =       6
     Reading input from nscf.bifeo3_bp_tipoG.in

     Current dimensions of program PWSCF are:
     Max number of different atomic species (ntypx) = 10
     Max number of k-points (npk) =  40000
     Max angular momentum in pseudopotentials (lmaxx) =  3
     Message from routine iosys:
     wrong startingpot: use default (1)

     Atomic positions and unit cell read from directory:
     /home/aldair1809/Documentos/QE/4BFO/temp_tipoA/nscf/bifeo3.save/
     Atomic positions from file used, from input discarded


     Subspace diagonalization in iterative solution of the eigenvalue problem:
     one sub-group per band group will be used
     scalapack distributed-memory algorithm (size of sub-group:  2*  2 procs)


     Parallelization info
     --------------------
     sticks:   dense  smooth     PW     G-vecs:    dense   smooth      PW
     Min         152     152     43                 8958     8958    1432
     Max         153     153     45                 8965     8965    1439
     Sum         913     913    265                53765    53765    8605



     bravais-lattice index     =            4
     lattice parameter (alat)  =      10.4357  a.u.
     unit-cell volume          =    2419.7788 (a.u.)^3
     number of atoms/cell      =           30
     number of atomic types    =            4
     number of electrons       =       294.00
     number of Kohn-Sham states=          176
     kinetic-energy cutoff     =      30.0000  Ry
     charge density cutoff     =     120.0000  Ry
     Exchange-correlation=  SLA  PW   PBX  PBC
                           (   1   4   3   4   0   0   0)

     celldm(1)=  10.435734  celldm(2)=   0.000000  celldm(3)=   2.458533
     celldm(4)=   0.000000  celldm(5)=   0.000000  celldm(6)=   0.000000

     crystal axes: (cart. coord. in units of alat)
               a(1) = (   1.000000   0.000000   0.000000 )  
               a(2) = (  -0.500000   0.866025   0.000000 )  
               a(3) = (   0.000000   0.000000   2.458533 )  

     reciprocal axes: (cart. coord. in units 2 pi/alat)
               b(1) = (  1.000000  0.577350 -0.000000 )  
               b(2) = (  0.000000  1.154701  0.000000 )  
               b(3) = (  0.000000 -0.000000  0.406747 )  


     PseudoPot. # 1 for O  read from file:
     /home/aldair1809/Programas/QE/q-e-qe-7.3/pseudo/o_pbe_v1.2.uspp.F.UPF
     MD5 check sum: 734c27235a0248c51dbae37a1fbe46ec
     Pseudo is Ultrasoft + core correction, Zval =  6.0
     Generated by new atomic code, or converted to UPF format
     Using radial grid of  737 points,  5 beta functions with: 
                l(1) =   0
                l(2) =   0
                l(3) =   1
                l(4) =   1
                l(5) =   2
     Q(r) pseudized with  8 coefficients,  rinner =    0.900   0.900   0.900
                                                       0.900   0.900

     PseudoPot. # 2 for Bi read from file:
     /home/aldair1809/Programas/QE/q-e-qe-7.3/pseudo/bi_pbe_v1.uspp.F.UPF
     MD5 check sum: cceb9f28ec65b6d7ff33140f5b0b1758
     Pseudo is Ultrasoft + core correction, Zval = 15.0
     Generated by new atomic code, or converted to UPF format
     Using radial grid of  899 points,  6 beta functions with: 
                l(1) =   0
                l(2) =   0
                l(3) =   1
                l(4) =   1
                l(5) =   2
                l(6) =   2
     Q(r) pseudized with  6 coefficients,  rinner =    1.000   1.000   1.000
                                                       1.000   1.000

     PseudoPot. # 3 for Fe read from file:
     /home/aldair1809/Programas/QE/q-e-qe-7.3/pseudo/fe_pbe_v1.5.uspp.F.UPF
     MD5 check sum: a130daea23fe5165f5d574ae7f82ed95
     Pseudo is Ultrasoft + core correction, Zval = 16.0
     Generated by new atomic code, or converted to UPF format
     Using radial grid of  861 points,  6 beta functions with: 
                l(1) =   0
                l(2) =   0
                l(3) =   1
                l(4) =   1
                l(5) =   2
                l(6) =   2
     Q(r) pseudized with  8 coefficients,  rinner =    1.000   1.000   1.000
                                                       1.000   1.000

     PseudoPot. # 4 for Fe read from file:
     /home/aldair1809/Programas/QE/q-e-qe-7.3/pseudo/fe_pbe_v1.5.uspp.F.UPF
     MD5 check sum: a130daea23fe5165f5d574ae7f82ed95
     Pseudo is Ultrasoft + core correction, Zval = 16.0
     Generated by new atomic code, or converted to UPF format
     Using radial grid of  861 points,  6 beta functions with: 
                l(1) =   0
                l(2) =   0
                l(3) =   1
                l(4) =   1
                l(5) =   2
                l(6) =   2
     Q(r) pseudized with  8 coefficients,  rinner =    1.000   1.000   1.000
                                                       1.000   1.000

     atomic species   valence    mass     pseudopotential
        O              6.00    15.99940     O ( 1.00)
        Bi            15.00   208.98040     Bi( 1.00)
        Fe1           16.00    55.84500     Fe( 1.00)
        Fe2           16.00    55.84500     Fe( 1.00)

     Starting magnetic structure 
     atomic species   magnetization
        O            0.000
        Bi           0.000
        Fe1         -0.800
        Fe2          0.800


     Simplified LDA+U calculation (l_max = 2) with parameters (eV):
     atomic species    L          U    alpha       J0     beta
        Fe1            2     4.1000   0.0000   0.0000   0.0000
        Fe2            2     4.1000   0.0000   0.0000   0.0000



     No symmetry found


                                    s                        frac. trans.

      isym =  1     identity                                     

 cryst.   s( 1) = (     1          0          0      )
                  (     0          1          0      )
                  (     0          0          1      )

 cart.    s( 1) = (  1.0000000  0.0000000  0.0000000 )
                  (  0.0000000  1.0000000  0.0000000 )
                  (  0.0000000  0.0000000  1.0000000 )


     point group C_1 (1)    
     there are  1 classes
     the character table:

       E    
A      1.00

     the symmetry operations in each class and the name of the first element:

     E        1
          identity                                               

   Cartesian axes

     site n.     atom                  positions (alat units)
         1           Fe2 tau(   1) = (   0.0000000   0.0000000   1.9108937  )
         2           Fe1 tau(   2) = (  -0.0000005   0.5773506   2.3205983  )
         3           Fe1 tau(   3) = (   0.5000005   0.2886748   1.5012165  )
         4           Fe2 tau(   4) = (   0.5000005   0.2886748   0.2719883  )
         5           Fe1 tau(   5) = (   0.0000000   0.0000000   0.6816731  )
         6           Fe2 tau(   6) = (  -0.0000005   0.5773506   1.0913263  )
         7           Bi  tau(   7) = (   0.5000005   0.2886748   2.0662347  )
         8           Bi  tau(   8) = (  -0.0000005   0.5773506   1.6560675  )
         9           Bi  tau(   9) = (  -0.0000005   0.5773506   0.4267941  )
        10           Bi  tau(  10) = (   0.0000000   0.0000000   0.0172186  )
        11           Bi  tau(  11) = (   0.0000000   0.0000000   1.2465036  )
        12           Bi  tau(  12) = (   0.5000005   0.2886748   0.8369763  )
        13           O   tau(  13) = (  -0.3005870   0.6647756   2.1624421  )
        14           O   tau(  14) = (   0.0745814   0.2733208   2.1624421  )
        15           O   tau(  15) = (   0.2260070   0.7939536   2.1624421  )
        16           O   tau(  16) = (   0.4254330   0.5619882   1.7527437  )
        17           O   tau(  17) = (   0.3005869   0.0874426   1.7527437  )
        18           O   tau(  18) = (   0.7739786   0.2165955   1.7527437  )
        19           O   tau(  19) = (   0.6994059   0.0874362   0.5234995  )
        20           O   tau(  20) = (   0.5745746   0.5619860   0.5234995  )
        21           O   tau(  21) = (   0.2260180   0.2166040   0.5234995  )
        22           O   tau(  22) = (  -0.0745661   0.8507653   0.1135732  )
        23           O   tau(  23) = (  -0.1995013   0.3760667   0.1135732  )
        24           O   tau(  24) = (   0.2740674   0.5052189   0.1135732  )
        25           O   tau(  25) = (   0.1994921   0.3760730   1.3428354  )
        26           O   tau(  26) = (   0.0745652   0.8507542   1.3428354  )
        27           O   tau(  27) = (  -0.2740573   0.5052237   1.3428354  )
        28           O   tau(  28) = (  -0.0745884   0.2733113   0.9331975  )
        29           O   tau(  29) = (   0.3006002   0.6647734   0.9331975  )
        30           O   tau(  30) = (  -0.2260103   0.7939652   0.9331975  )

   Crystallographic axes

     site n.     atom                  positions (cryst. coord.)
         1           Fe2 tau(   1) = (  0.0000000  0.0000000  0.7772496  )
         2           Fe1 tau(   2) = (  0.3333330  0.6666670  0.9438955  )
         3           Fe1 tau(   3) = (  0.6666670  0.3333330  0.6106148  )
         4           Fe2 tau(   4) = (  0.6666670  0.3333330  0.1106303  )
         5           Fe1 tau(   5) = (  0.0000000  0.0000000  0.2772683  )
         6           Fe2 tau(   6) = (  0.3333330  0.6666670  0.4438933  )
         7           Bi  tau(   7) = (  0.6666670  0.3333330  0.8404340  )
         8           Bi  tau(   8) = (  0.3333330  0.6666670  0.6735999  )
         9           Bi  tau(   9) = (  0.3333330  0.6666670  0.1735971  )
        10           Bi  tau(  10) = (  0.0000000  0.0000000  0.0070036  )
        11           Bi  tau(  11) = (  0.0000000  0.0000000  0.5070111  )
        12           Bi  tau(  12) = (  0.6666670  0.3333330  0.3404373  )
        13           O   tau(  13) = (  0.0832214  0.7676167  0.8795660  )
        14           O   tau(  14) = (  0.2323833  0.3156037  0.8795660  )
        15           O   tau(  15) = (  0.6843963  0.9167786  0.8795660  )
        16           O   tau(  16) = (  0.7498970  0.6489281  0.7129226  )
        17           O   tau(  17) = (  0.3510719  0.1009700  0.7129226  )
        18           O   tau(  18) = (  0.8990300  0.2501030  0.7129226  )
        19           O   tau(  19) = (  0.7498872  0.1009626  0.2129316  )
        20           O   tau(  20) = (  0.8990374  0.6489256  0.2129316  )
        21           O   tau(  21) = (  0.3510744  0.2501128  0.2129316  )
        22           O   tau(  22) = (  0.4166235  0.9823791  0.0461955  )
        23           O   tau(  23) = (  0.0176209  0.4342444  0.0461955  )
        24           O   tau(  24) = (  0.5657556  0.5833765  0.0461955  )
        25           O   tau(  25) = (  0.4166179  0.4342517  0.5461938  )
        26           O   tau(  26) = (  0.5657483  0.9823663  0.5461938  )
        27           O   tau(  27) = (  0.0176337  0.5833821  0.5461938  )
        28           O   tau(  28) = (  0.0832080  0.3155927  0.3795749  )
        29           O   tau(  29) = (  0.6844073  0.7676142  0.3795749  )
        30           O   tau(  30) = (  0.2323858  0.9167920  0.3795749  )

     number of k points=    15
                       cart. coord. in units 2pi/alat
        k(    1) = (   0.0000000   0.0000000   0.0000000), wk =   0.0370370
        k(    2) = (   0.0000000   0.0000000   0.2033733), wk =   0.0370370
        k(    3) = (   0.0000000   0.0000000   0.4067466), wk =   0.0370370
        k(    4) = (   0.0000000   0.3849002   0.0000000), wk =   0.0740741
        k(    5) = (   0.0000000   0.3849002   0.2033733), wk =   0.0740741
        k(    6) = (   0.0000000   0.3849002   0.4067466), wk =   0.0740741
        k(    7) = (   0.3333333   0.1924501   0.0000000), wk =   0.0740741
        k(    8) = (   0.3333333   0.1924501   0.2033733), wk =   0.0740741
        k(    9) = (   0.3333333   0.1924501   0.4067466), wk =   0.0740741
        k(   10) = (   0.3333333   0.5773503   0.0000000), wk =   0.0740741
        k(   11) = (   0.3333333   0.5773503   0.2033733), wk =   0.0740741
        k(   12) = (   0.3333333   0.5773503   0.4067466), wk =   0.0740741
        k(   13) = (   0.3333333  -0.1924501   0.0000000), wk =   0.0740741
        k(   14) = (   0.3333333  -0.1924501   0.2033733), wk =   0.0740741
        k(   15) = (   0.3333333  -0.1924501   0.4067466), wk =   0.0740741

                       cryst. coord.
        k(    1) = (   0.0000000   0.0000000   0.0000000), wk =   0.0370370
        k(    2) = (   0.0000000   0.0000000   0.5000000), wk =   0.0370370
        k(    3) = (   0.0000000   0.0000000   1.0000000), wk =   0.0370370
        k(    4) = (   0.0000000   0.3333333   0.0000000), wk =   0.0740741
        k(    5) = (   0.0000000   0.3333333   0.5000000), wk =   0.0740741
        k(    6) = (   0.0000000   0.3333333   1.0000000), wk =   0.0740741
        k(    7) = (   0.3333333   0.0000000   0.0000000), wk =   0.0740741
        k(    8) = (   0.3333333   0.0000000   0.5000000), wk =   0.0740741
        k(    9) = (   0.3333333   0.0000000   1.0000000), wk =   0.0740741
        k(   10) = (   0.3333333   0.3333333   0.0000000), wk =   0.0740741
        k(   11) = (   0.3333333   0.3333333   0.5000000), wk =   0.0740741
        k(   12) = (   0.3333333   0.3333333   1.0000000), wk =   0.0740741
        k(   13) = (   0.3333333  -0.3333333   0.0000000), wk =   0.0740741
        k(   14) = (   0.3333333  -0.3333333   0.5000000), wk =   0.0740741
        k(   15) = (   0.3333333  -0.3333333   1.0000000), wk =   0.0740741

     Dense  grid:    53765 G-vectors     FFT dimensions: (  40,  40,  90)

     Dynamical RAM for                 wfc:       3.01 MB

     Dynamical RAM for     wfc (w. buffer):       3.01 MB

     Dynamical RAM for             U proj.:       0.51 MB

     Dynamical RAM for  U proj. (w. buff.):       0.51 MB

     Dynamical RAM for           str. fact:       0.55 MB

     Dynamical RAM for           local pot:       0.00 MB

     Dynamical RAM for          nlocal pot:       7.68 MB

     Dynamical RAM for                qrad:       3.52 MB

     Dynamical RAM for          rho,v,vnew:       1.92 MB

     Dynamical RAM for           G-vectors:       0.58 MB

     Dynamical RAM for          h,s,v(r/c):       0.35 MB

     Dynamical RAM for          <psi|beta>:       1.21 MB

     Dynamical RAM for      wfcinit/wfcrot:       7.92 MB

     Dynamical RAM for           addusdens:      28.03 MB

     Estimated static dynamical RAM per process >      19.55 MB

     Estimated max dynamical RAM per process >      47.59 MB

     Estimated total dynamical RAM >     285.51 MB

     Check: negative core charge=   -0.000263
     Generating pointlists ...
     new r_m :   0.1447 (alat units)  1.5098 (a.u.) for type    1
     new r_m :   0.1742 (alat units)  1.8183 (a.u.) for type    2
     new r_m :   0.1447 (alat units)  1.5098 (a.u.) for type    3
     new r_m :   0.1447 (alat units)  1.5098 (a.u.) for type    4

     The potential is recalculated from file :
     /home/aldair1809/Documentos/QE/4BFO/temp_tipoA/nscf/bifeo3.save/charge-density


     negative rho (up, down):  1.251E-01 1.251E-01
 --- in v_hubbard ---
Hubbard energy    0.7199
 -------
     Number of +U iterations with fixed ns =  0
     Starting occupations:
 --- enter write_ns ---
 LDA+U parameters:
U( 3)     =  4.10000000
U( 4)     =  4.10000000
atom    1   Tr[ns(na)] (up, down, total) =   4.97542  1.04904  6.02446
   spin  1
    eigenvalues: 
  0.992  0.992  0.997  0.997  0.997
    eigenvectors:
  0.000  0.000  1.000  0.000  0.000
  0.000  0.541  0.000  0.014  0.444
  0.541  0.000  0.000  0.444  0.014
  0.166  0.293  0.000  0.124  0.418
  0.293  0.166  0.000  0.418  0.124
    occupations:
  0.997 -0.000 -0.000 -0.000 -0.000
 -0.000  0.995 -0.000 -0.002 -0.002
 -0.000 -0.000  0.995 -0.002  0.002
 -0.000 -0.002 -0.002  0.995  0.000
 -0.000 -0.002  0.002  0.000  0.995
   spin  2
    eigenvalues: 
  0.122  0.122  0.125  0.341  0.341
    eigenvectors:
  0.000  0.000  1.000  0.000  0.000
  0.030  0.365  0.000  0.005  0.600
  0.365  0.030  0.000  0.600  0.005
  0.157  0.448  0.000  0.174  0.221
  0.448  0.157  0.000  0.221  0.174
    occupations:
  0.125 -0.000 -0.000 -0.000 -0.000
 -0.000  0.254 -0.000  0.073  0.078
 -0.000 -0.000  0.254  0.078 -0.073
 -0.000  0.073  0.078  0.208  0.000
 -0.000  0.078 -0.073  0.000  0.208
atomic mag. moment =   3.92637
atom    2   Tr[ns(na)] (up, down, total) =   1.04911  4.97544  6.02454
   spin  1
    eigenvalues: 
  0.122  0.122  0.125  0.341  0.341
    eigenvectors:
  0.000  0.000  1.000  0.000  0.000
  0.317  0.078  0.000  0.441  0.164
  0.078  0.317  0.000  0.164  0.441
  0.051  0.553  0.000  0.017  0.378
  0.553  0.051  0.000  0.378  0.017
    occupations:
  0.125 -0.000 -0.000 -0.000 -0.000
 -0.000  0.254 -0.000 -0.073  0.078
 -0.000 -0.000  0.254  0.078  0.073
 -0.000 -0.073  0.078  0.208  0.000
 -0.000  0.078  0.073  0.000  0.208
   spin  2
    eigenvalues: 
  0.992  0.992  0.997  0.997  0.997
    eigenvectors:
  0.000  0.000  1.000  0.000  0.000
  0.360  0.182  0.000  0.284  0.175
  0.182  0.360  0.000  0.175  0.284
  0.035  0.424  0.000  0.029  0.512
  0.424  0.035  0.000  0.512  0.029
    occupations:
  0.997 -0.000 -0.000 -0.000 -0.000
 -0.000  0.995 -0.000  0.002 -0.002
 -0.000 -0.000  0.995 -0.002 -0.002
 -0.000  0.002 -0.002  0.995  0.000
 -0.000 -0.002 -0.002  0.000  0.995
atomic mag. moment =  -3.92633
atom    3   Tr[ns(na)] (up, down, total) =   1.04893  4.97543  6.02436
   spin  1
    eigenvalues: 
  0.122  0.122  0.124  0.341  0.341
    eigenvectors:
  0.000  0.000  1.000  0.000  0.000
  0.316  0.078  0.000  0.441  0.165
  0.078  0.316  0.000  0.165  0.441
  0.051  0.554  0.000  0.017  0.378
  0.554  0.051  0.000  0.378  0.017
    occupations:
  0.124 -0.000 -0.000 -0.000 -0.000
 -0.000  0.254 -0.000 -0.074  0.078
 -0.000 -0.000  0.254  0.078  0.074
 -0.000 -0.074  0.078  0.208  0.000
 -0.000  0.078  0.074  0.000  0.208
   spin  2
    eigenvalues: 
  0.992  0.992  0.997  0.997  0.997
    eigenvectors:
  0.000  0.000  1.000  0.000  0.000
  0.361  0.182  0.000  0.283  0.174
  0.182  0.361  0.000  0.174  0.283
  0.035  0.422  0.000  0.029  0.514
  0.422  0.035  0.000  0.514  0.029
    occupations:
  0.997 -0.000 -0.000 -0.000 -0.000
 -0.000  0.994 -0.000  0.002 -0.002
 -0.000 -0.000  0.994 -0.002 -0.002
 -0.000  0.002 -0.002  0.995  0.000
 -0.000 -0.002 -0.002  0.000  0.995
atomic mag. moment =  -3.92650
atom    4   Tr[ns(na)] (up, down, total) =   4.97544  1.04900  6.02444
   spin  1
    eigenvalues: 
  0.992  0.992  0.997  0.997  0.997
    eigenvectors:
  0.000  0.000  1.000  0.000  0.000
  0.000  0.542  0.000  0.014  0.444
  0.542  0.000  0.000  0.444  0.014
  0.165  0.292  0.000  0.124  0.419
  0.292  0.165  0.000  0.419  0.124
    occupations:
  0.997 -0.000 -0.000 -0.000 -0.000
 -0.000  0.994 -0.000 -0.002 -0.002
 -0.000 -0.000  0.994 -0.002  0.002
 -0.000 -0.002 -0.002  0.995  0.000
 -0.000 -0.002  0.002  0.000  0.995
   spin  2
    eigenvalues: 
  0.122  0.122  0.124  0.341  0.341
    eigenvectors:
  0.000  0.000  1.000  0.000  0.000
  0.030  0.364  0.000  0.005  0.601
  0.364  0.030  0.000  0.601  0.005
  0.157  0.449  0.000  0.174  0.220
  0.449  0.157  0.000  0.220  0.174
    occupations:
  0.124 -0.000 -0.000 -0.000 -0.000
 -0.000  0.254 -0.000  0.074  0.078
 -0.000 -0.000  0.254  0.078 -0.074
 -0.000  0.074  0.078  0.208  0.000
 -0.000  0.078 -0.074  0.000  0.208
atomic mag. moment =   3.92644
atom    5   Tr[ns(na)] (up, down, total) =   1.04906  4.97541  6.02447
   spin  1
    eigenvalues: 
  0.122  0.122  0.125  0.341  0.341
    eigenvectors:
  0.000  0.000  1.000  0.000  0.000
  0.317  0.079  0.000  0.440  0.165
  0.079  0.317  0.000  0.165  0.440
  0.051  0.554  0.000  0.017  0.378
  0.554  0.051  0.000  0.378  0.017
    occupations:
  0.125 -0.000 -0.000 -0.000 -0.000
 -0.000  0.254 -0.000 -0.073  0.078
 -0.000 -0.000  0.254  0.078  0.073
 -0.000 -0.073  0.078  0.208  0.000
 -0.000  0.078  0.073  0.000  0.208
   spin  2
    eigenvalues: 
  0.992  0.992  0.997  0.997  0.997
    eigenvectors:
  0.000  0.000  1.000  0.000  0.000
  0.360  0.182  0.000  0.284  0.174
  0.182  0.360  0.000  0.174  0.284
  0.035  0.423  0.000  0.029  0.513
  0.423  0.035  0.000  0.513  0.029
    occupations:
  0.997 -0.000 -0.000 -0.000 -0.000
 -0.000  0.994 -0.000  0.002 -0.002
 -0.000 -0.000  0.994 -0.002 -0.002
 -0.000  0.002 -0.002  0.995  0.000
 -0.000 -0.002 -0.002  0.000  0.995
atomic mag. moment =  -3.92636
atom    6   Tr[ns(na)] (up, down, total) =   4.97544  1.04916  6.02460
   spin  1
    eigenvalues: 
  0.992  0.992  0.997  0.997  0.997
    eigenvectors:
  0.000  0.000  1.000  0.000  0.000
  0.000  0.541  0.000  0.014  0.445
  0.541  0.000  0.000  0.445  0.014
  0.166  0.293  0.000  0.124  0.417
  0.293  0.166  0.000  0.417  0.124
    occupations:
  0.997 -0.000 -0.000 -0.000 -0.000
 -0.000  0.995 -0.000 -0.002 -0.002
 -0.000 -0.000  0.995 -0.002  0.002
 -0.000 -0.002 -0.002  0.995  0.000
 -0.000 -0.002  0.002  0.000  0.995
   spin  2
    eigenvalues: 
  0.122  0.122  0.125  0.341  0.341
    eigenvectors:
  0.000  0.000  1.000  0.000  0.000
  0.030  0.365  0.000  0.005  0.600
  0.365  0.030  0.000  0.600  0.005
  0.157  0.448  0.000  0.174  0.221
  0.448  0.157  0.000  0.221  0.174
    occupations:
  0.125 -0.000 -0.000 -0.000 -0.000
 -0.000  0.254 -0.000  0.073  0.078
 -0.000 -0.000  0.254  0.078 -0.073
 -0.000  0.073  0.078  0.208  0.000
 -0.000  0.078 -0.073  0.000  0.208
atomic mag. moment =   3.92628
N of occupied +U levels =   36.146867
 --- exit write_ns ---
 Atomic wfc used for LDA+U Projector are NOT orthogonalized
     Starting wfcs are  204 randomized atomic wfcs

     Band Structure Calculation
     CG style diagonalization

     Computing kpt #:     1  of    30
